11.069064819922671 102.0868654330916 55.47292239685277
238.3281187441206 11.646457883130159 220.95880884044306
203.76450250775625 55.499218539159784 173.36015352955127
164.30985774923755 96.36686877064061 250.67604100405694
90.71299281236732 44.83982572623082 206.23583220855332
13.20305795879074 109.69661602577195 38.71158980539772
89.0952119587231 178.03987291111793 100.66426477332911
113.9874034396934 86.1192471247475 125.41843739158973
39.98592008994013 4.597559297364434 237.4376522284624
186.8995406629752 218.462602616648 238.18552506583134
74.79640142947474 96.84034791318894 213.76895468323855
37.34898098558836 153.08224386840055 227.3724014892764
213.7056044912263 108.32360048781183 61.14357785083325
253.32505191431528 58.99296824870444 133.4946987154349
8.59683420741096 118.27484264689423 233.35264490614756
156.37181518602463 148.94097559955563 177.72960645066794
92.81591644236774 220.08451165983533 81.77489437293623
64.13504904455247 233.97782565753872 43.286717644531265
210.4199650573389 81.62095184062176 83.2003506237259
60.52822207265821 19.870245047803273 88.96990732531907
3.6333341004624153 162.95876182503204 102.22087015251499
159.17390100304652 157.31520495108668 1.1939000268359794
232.6351898917713 19.66989355806077 233.35191979513235
19.684778830622882 94.9497897048744 233.11889691649137
5.098747154654672 225.59892769943792 241.81189685962087
74.89886392222321 9.56892057942975 85.25747463058356
240.98743586914904 102.91499503264983 5.245700787434932
84.08470324634781 100.19004991420832 12.14615571585716
213.29811503705088 42.344335172780376 25.09184907745456
152.0554968672918 21.939658168433446 241.2722342287784
229.55179257333285 88.81375180744732 201.3919763356465
69.22454091041725 117.06880170144701 197.08743277589795
77.4360117683324 245.28431223290042 183.87604094082897
200.93750700003739 38.66946164985103 228.94460372354175
247.9657328215352 235.9709650663226 150.90189526188246
205.1585008551816 156.98975239659728 127.27291482645937
238.23907591364227 138.03640645609866 148.00311170481163
235.34780604485707 220.02202084614456 42.00948022834912
193.44765720683648 244.97164171528763 96.85515127468517
10.270299838982098 207.32302375968476 61.64166772022803
85.29756556790635 97.42571476948906 111.75654566962092
166.939002005115 46.91326678958174 36.98557405546309
139.85117957719385 40.51833928866638 233.96790506355524
143.52508290133457 61.029189538375746 89.39740005951357
76.97586874931453 34.74392466651771 183.0473467284729
200.2431797379096 64.49557033167486 138.98312912600608
228.2589034348354 97.29051343542844 137.6419889237386
67.13778694096865 13.353128103589851 162.5025403153523
49.22041347839634 58.143261404712774 52.211669951604726
25.49726709993513 19.94545733616952 157.60231721023445
50.15197044646668 189.45933829897385 128.41353948308895
12.562498956561 73.19940177301453 204.63761126254968
31.588016145770727 98.92052448047653 81.07563681376269
135.95750551552595 175.9110954245231 23.32703781696387
124.19309874322757 91.77551214916132 180.63029879614677
0.12339221930629973 141.47794156784286 168.79377230463422
173.88134989362217 56.30748641154049 52.94504193440258
241.210675578228 160.19621704541592 204.1201426062915
244.3875206159442 12.779373668761231 31.528117323741576
85.11434547321075 147.51444348747276 198.66607492598223
194.28824672634238 229.7866984503609 72.41259562771855
188.03659253334308 92.62886807252767 164.95535519191324
165.51880263816167 10.13045899466616 52.54845186685607
87.52438465097374 115.10817799469156 12.860999464447458
204.58583538007596 49.54606685899141 170.84663790286712
187.022627856859 187.1321973375044 61.089626573030756
248.49273640128823 5.562909664842959 10.582888477085291
55.5897825029545 70.26951155272111 200.10806364924923
177.3116348983749 14.133376889396953 205.18674590894426
179.8774277364637 166.53070077697737 221.89325888640167
238.08443225177777 42.16351024986635 1.6473220477315575
81.41107864898879 200.37181474449557 138.04679638897142
217.65209546765564 99.84720512233496 96.07635600008999
107.67098496022979 102.8184830188761 231.65489278721097
87.65294624360925 119.15699116309567 100.90769296558877
53.08315121877736 122.37827315997647 187.467608136552
186.89702972993211 60.7108895849468 226.3211829362833
173.84126947239636 206.78512560453535 39.61816187292194
6.9993899160894575 25.533941279865065 43.27205869049883
199.64651153032972 185.4121673778318 234.91803517512113
174.8230722485617 151.83530280207395 45.16095028599773
59.48640663593468 143.46658277690693 4.163621793520913
153.70818417051728 246.77999768203685 174.00570702696072
176.16074044053613 241.49748082784504 98.31674525305696
39.004488542107495 141.01804060465335 169.18527793950318
242.04415752074914 92.61850588506503 221.0920013206013
207.77405781515222 46.0888058238818 45.343442805155576
121.3998964683399 69.13221384316941 1.6334387732555138
80.7168517381334 222.14805424915414 172.4803057424198
247.2943311393185 51.19402045960244 121.71678719897233
214.93861549223396 132.8906919465318 3.491927397103212
249.80067051600665 67.47778813929638 31.122113631870636
95.13494234982826 126.28423525262485 159.61155383939482
97.9353297417284 164.35745481456817 8.594479537550455
69.02514362082567 151.3898506283015 70.80380900445185
133.1488463334938 143.2337149521143 226.79124720930446
37.801855341558166 8.01860472079024 89.53140439026305
152.11978784170213 147.9652554235663 213.56962062652607
56.3290091394681 166.52081594126287 117.04729680056884
30.117765481361964 241.53080339012837 69.81031120564815
220.88451879419097 42.334532873270525 202.47217040034826
42.828751855215764 72.83884118506138 142.28541563947363
247.39634635705428 250.3149642274025 116.52404008164721
184.62554765247936 112.78121299006693 80.19484057096942
96.26154928437234 173.06197912806323 233.46393108395165
179.214776101759 130.86410673095153 5.6502725963296445
251.9766373717494 37.82930755336578 15.417731267470499
68.52596682563512 27.147581582401305 23.22246608634315
141.82545321335206 27.107369397473878 82.68368248044882
164.26290697258247 55.42705196336213 174.28822071871477
187.37954290703124 105.32180284441804 188.5623803452581
169.83076018108096 202.94230482132392 209.62465505417407
47.53737920290604 141.981304011106 89.66611630029665
191.46555814059906 225.06093036818197 151.93657449969845
174.3413457585953 69.03073453760669 80.97098154785155
96.25607225637326 18.417214647571036 237.03988740330453
74.39090496996451 172.44136210863 192.03086598752182
1.9989838260951958 206.32605580816607 187.0701568830673
236.25832372926024 17.478657416457388 191.19100943304545
70.30612857749608 234.88751005852114 155.10597248411688
234.20141423266 122.9640827561497 4.379175560428138
159.2072674688195 39.68476564823756 105.9200549539232
30.419615071899624 32.33901274621083 236.60543981809926
192.6682487836298 147.38983796877096 234.04314908479134
14.50069518242728 247.95633762002095 140.09445292342306
113.84072379844402 214.64184627965506 94.20473104948158
33.704264422968066 194.33787012501736 35.38421774600597
50.99160096375139 42.02090828689623 202.63698177300392
95.71859858761398 113.53002601586088 18.445533981475787
101.86822245680357 41.26691747942963 99.71099739170009
73.15362337639813 10.830881114738059 158.96640624690684
59.5433302044523 186.67468956001778 78.43381239480902
217.30404291684138 227.6216581908321 252.21321307400157
130.60133854878 63.94380913382053 192.2740459178485
48.95629086332346 67.66519115266712 200.52767209247995
32.80480832439412 206.1165669929374 143.63799692006089
202.4209206605106 225.950810671664 230.74092697465332
119.82836402238348 162.48320836093794 2.7600564392209375
206.0907141787139 168.41590017917437 145.67025924394164
250.50394288283204 240.3470913209517 223.36359124883697
76.74778112927888 67.6939701644184 51.41645838308869
196.84987697592524 112.82188554234337 0.41956021438863733
181.00190871148283 146.1709440495597 230.1768168510733
55.26466647578458 210.12022511441347 13.353819198705128
77.29205831988456 32.26690050194301 164.48960544395592
74.1813764586479 118.01821880000273 24.644263999485418
173.41576188263778 156.83293080799794 81.72216509264571
123.08278706838297 221.35628610017451 35.870362888708925
161.9751880375199 148.60349810177254 63.43510649569467
87.58545553938012 26.272496495290756 49.52268140272015
227.2769463557466 114.28150963389172 62.08420840199207
46.69427421282276 240.71924814416528 224.41396709179364
193.17011315480315 185.1471190979338 132.12314448290192
53.1942243023212 87.3578952800788 111.62820015467251
20.105915261061433 19.810964357759666 148.5233118580181
252.96672886042774 142.56583251319105 59.3072990137111
188.94053949940823 78.04527194412539 235.90234535724963
37.42665553037162 190.1258246957283 96.8049113841553
98.37054707768687 43.29061087146338 98.08246712252628
89.15908095542854 67.22105618089483 149.86837461214336
163.208526598347 170.65523632035533 126.87241575976729
105.51413117785557 168.77220675498617 51.454854623973034
188.81418098803826 121.41556147116471 68.16838267639916
70.29868435051876 199.6296106091858 233.09106023031708
160.35449089131293 161.61451591711182 52.69769011779573
190.98031139650288 50.00800550687912 220.9412971443496
99.6415815071679 202.62005337320886 167.70859714890497
134.53512351331088 86.39764966840029 42.495161556265046
78.34360673442896 24.591646325442873 177.91509089850797
62.43227297856879 250.41755185837664 1.1965790986209597
201.23928050414904 110.98155244420629 66.06423775744325
163.69286328791173 122.44565531706223 48.15182130771682
140.3640179389124 133.2822580844245 245.7240960849278
154.9400902289 226.5610723945524 3.7784772929454884
38.95059514533375 112.37084713578449 232.37142369317453
35.849495732027925 205.36900298368312 127.67682353838507
246.2067958299267 154.30346258896694 108.46762218439312
213.1648021187785 198.05546050078848 252.17299409092556
87.495856069711 116.92249436283272 19.108341212401733
73.41278178325288 231.6476131229004 68.63565186493352
43.87369001213169 77.38837417119794 50.53447888306541
141.45181930450374 41.83354040208045 164.62981165547768
250.86768212260333 93.16924798861162 109.09988557372992
171.1734023602298 250.84549123395365 96.65645731266977
85.91748951435916 62.63831535032167 68.12051576942474
248.3424752344992 176.59084194858906 168.9671074726106
33.88204058207837 121.35394163381724 55.66550127931174
168.5563391791455 0.30222720815282544 156.34985614523958
39.56131527588026 1.0251558098109603 14.229267102877914
216.3287083675643 124.84079751570313 89.39315679352895
67.09577730688812 225.72346958464067 188.31274215514074
186.46613103622343 176.0608954191241 171.05908384383417
46.24450429491663 241.77265335248634 35.41695809181718
202.24911744688555 242.25063580872228 210.3418550028867
209.26543012818428 9.957620974857184 136.2997923993941
31.898852169471045 253.93999516192395 130.9647681381074
136.53079030832504 190.99538115303423 137.8872731020795
81.95545170856475 82.54374416278253 84.44996879031807
60.099251936395376 7.477945314198633 81.89528596554857
70.47356116821757 176.0143108343996 213.4655750222029
235.60448450893912 249.19341296378255 236.17135364998947
106.12261843394553 60.24326026456189 97.78958521581924
33.12403369460276 35.049406124544234 97.65234528107652
24.527433957587245 212.42727881818197 109.16561103166039
184.79031528389083 54.88864027039156 221.14112719847262
151.12674589552904 111.20620733669816 83.0876855641219
157.7876169602955 239.69065642112403 236.5138518810063
39.766629046999505 133.98319910469354 18.13355552427748
193.86295316418398 10.513932486208015 218.0076484709049
182.35395836149146 125.57409205799406 182.82319329856298
21.75764434812636 79.35618889309468 168.9887079309071
44.305043528558265 157.85319835960348 188.9836792182647
48.19301631933197 218.34050499796797 77.8549276501159
6.017264553141573 16.400596622643597 1.806675688637394
20.989462630576003 90.7631034245234 58.40582803404359
68.36566470487071 145.33579511912924 243.08472103291382
158.63184361455927 196.39298039076905 188.57901450791715
24.499769874024214 58.57784843911453 36.46122195224996
166.99678118939687 89.70172931487096 177.56598798790247
226.4577143511534 18.707906807357983 182.33845122594852
2.3194628922822025 75.60212610887868 246.61291984938026
25.992425066711913 157.87979476469374 93.83985331850351
222.40381262485565 103.85177980704222 152.13845190337835
90.63819671080665 253.0513265796904 98.56262360697885
103.701624488297 166.0475963028437 229.14181201514833
234.16885077730106 161.62501396650651 12.545561619338898
179.77752772945914 15.429190911567112 94.73664962577502
3.491221551265722 135.35668568059324 148.08729965245305
11.335260374020624 173.1962950497735 157.1061852457572
10.87006990527528 166.80182436517728 121.31669876268293
56.390089527504664 86.16359261395345 249.6420226933692
173.15489509154645 150.2208625329449 140.00341788638116
10.009716070470512 192.86163595958266 23.22537266221497
49.237222960253334 40.32962060644285 151.9639651709374
197.8152017798576 33.56470230156286 89.93025273284444
252.37540467842848 115.51132424028806 45.75233630491224
251.04259830210137 110.26885756258156 72.52593382721489
190.63499793939948 227.93625981150768 249.14246285120265
76.9807734422667 250.9711797877748 92.28640541234358
42.16167721226699 77.7076774156617 76.86586210015322
103.23338020657606 246.7738520984489 117.22761008942807
102.90246741851648 74.5398146844959 131.72749752562387
169.55437232743486 44.930139306974766 74.37155518555736
76.88096649347823 42.780779975853 204.66885706679386
86.16820839252243 221.40805788578714 150.84371436451494
178.36452704501886 233.56553762199718 69.34169801476683
177.1127673321772 13.935033464583702 138.62538923796598
168.37098695354499 118.1663298421646 6.922439382193771
244.5214646081998 240.61204389301875 53.824686730613614
173.64612428349827 90.30219526649253 8.487798638423627
27.5411964277108 251.5921405110221 201.70962838515658
237.4021510439198 75.32300952708543 89.8827629364967
173.03550699532744 252.87570430054353 5.762560703760219
131.70600023702528 94.43481193782608 178.4289566624049
172.62141214551988 201.79997087333024 128.75818141419444
70.34332279887659 180.9806967665557 142.13691634301648
97.73623598102135 186.25814894353968 118.11559752444599
5.77885417462272 197.1159352438618 215.6590914099908
75.16884126596621 115.25384845005316 145.73836523060834
218.36802149712207 8.552092336345272 95.9302769768219
119.19419556561759 234.29476476301556 22.441893186205945
116.52863937206027 132.06301538524784 246.97655597442082
91.75873498845273 9.4646517058478 190.95262979870282
55.43668225584488 130.96564405401546 3.913928753853063
140.34455662123048 215.5084762132239 68.02870223296354
46.72917205651242 56.65025004844082 94.59983721476773
153.81226133712235 31.060821683582358 37.50260092369901
103.69123303328617 126.96330803289618 50.042566198169496
111.871540890791 194.6269719193621 23.301849732539797
48.26000326619797 38.318575105418475 253.00190966656876
219.96154467220663 245.49074137244324 108.80471150169797
55.41825438246003 79.58544992187123 233.53692874524754
92.56601388000377 133.03133506005116 151.66701412324468
16.47315301737815 101.4595255647288 5.601481847521316
38.37669394817813 27.78091759159285 49.976219284843786
101.67104075912889 160.89572851507162 73.68193750405027
141.08422730924224 163.76737133352222 1.6252397213817975
195.23431269667356 173.7692810563487 106.35522756654646
214.5225164121042 51.32427114357527 190.85881126943772
217.77058061074337 45.898482679663175 130.96703332756329
224.18321778663034 50.47227718431656 107.91446350074484
48.69999668723088 79.21767627761483 32.24332492819759
21.98301386197235 152.16140727823648 58.43899762780494
69.09318976551536 52.31745436696002 0.016438033752238512
130.63328803987363 103.72572713599288 10.917125511693458
191.1140828445007 39.81704529544579 244.8692256415908
110.59586946483743 18.825192634081613 164.27402817694153
229.41413320955508 14.104009764982836 119.81737781991497
6.146368195792436 101.89116675412592 215.55121827598884
26.39791073565705 192.84489024328806 13.488651378593675
187.91075586978246 63.696588738718205 22.75308721169491
55.47805562307256 156.30733591673712 201.3987403168435
26.74076992807832 116.64698203075577 235.2307893465915
131.95634182377717 161.09143581950988 195.4130405082913
146.3160632710122 44.467287887864416 2.408446913618767
228.62681019053778 254.57713575106933 183.66003337624772
200.52038856798777 88.99903579181138 206.35744281268222
246.13206072061624 138.48599639480457 0.07424104583737212
236.94926570523947 193.01355074190315 122.78666171322905
112.1834046148338 223.48962349908757 174.53939370382025
195.15185886881542 222.38329699403778 35.84030590741648
219.44208366286298 2.412232444211228 233.35412448513128
44.8989612056866 244.46590357549132 30.24235738912341
111.62256668376301 26.54999313125996 138.8202218420619
189.64040507103707 229.6126859716818 230.3051993888687
127.42882482603673 74.3510703026129 189.31694025714512
132.3323981329268 59.91308337793656 109.77363676894339
124.65169295614558 40.14906850442704 75.11299274455646
236.76936386816587 196.68150298995047 73.51309792032113
167.4558253390071 4.796053843822485 237.77641848858713
195.282047422415 36.77080948549481 103.64537089904238
133.00153041455806 230.6847924837726 100.15377342322299
39.66720969790256 161.38491639707033 104.55375816800344
220.51990874312315 94.94685923611493 237.6395082738351
97.36811876513617 30.31159160006588 226.0307142503525
99.85021543211741 25.040474077678223 86.79190538382976
160.82312426384303 137.65354464125787 6.169413001025031
58.682922683633386 159.5007658369498 102.68438438375955
187.65482296255738 177.4472292341085 98.51078418901228
11.692156763611056 87.84598041148294 35.95109057011549
26.07602041912184 245.34458828297636 185.89944230980336
244.611840600344 137.9754628282823 144.64909294920716
170.04387685660353 131.07177717230127 91.35516607633309
83.31767507220964 44.888831251290846 125.89272641481675
230.55281171021267 82.32951235811399 60.96395152135225
55.00779655452684 224.15774580661224 23.991620315661013
216.4875242973341 196.78302909967817 143.38685730678338
104.60750015061818 111.85339195092885 94.66723704214017
131.5817688943543 114.71844999071078 48.79951550544911
103.81166206121146 241.39058097730967 137.96902067654946
186.52686468194645 188.80518968684675 109.47820977783023
13.336340881380204 253.63300688476687 252.66846515791693
12.009939196953393 136.37808596427305 152.69101995826978
202.1737918691294 206.9659719622588 42.98159674154944
25.691261814654993 15.491283992307848 238.87440988566132
134.29916558608454 171.15910173564183 51.02210952251822
18.520755549027196 176.36400898631754 44.56342428494331
246.2028874999843 2.257145913173808 70.13372536769363
108.25646270421029 173.0126767153759 110.33204897604887
126.3700978871651 11.283189496211564 191.44230614126835
66.55556353957688 46.62508734155855 253.1912747908863
16.372916191564197 190.60169595271884 54.20466523843374
65.47299400894038 127.66230460579473 127.73747527481231
167.25639857258298 83.76930634202519 193.42503498860128
221.63459411369143 21.76095629432276 252.73334708228657
181.19127710606995 204.54345371456276 95.34217450653452
215.0705029911762 16.578665561544558 24.80303008989982
176.7441524640427 76.01346511146224 139.2639588878586
205.90398455971055 32.423444491023965 239.71041335210367
40.05391201074877 248.56347501969972 39.44199894505361
30.04113342617964 138.14350823466273 102.50173355680627
223.65589686253165 192.50106585923496 202.95797595032175
137.74670317854074 12.603500431123358 192.45444001792643
234.99617106964524 10.502870001918794 201.57300774745306
129.5088173062639 189.87761198725318 142.5971202654154
53.69972251792772 92.99027750504366 204.85075533210014
191.0847967980996 237.34191554013515 139.45026168544356
83.54097218826308 13.693726261488619 46.13219174780074
105.05898390399969 63.593142913782046 86.03761942680639
40.3464322337342 164.29453895342064 17.321327117869473
229.62180263562425 130.29186763306026 178.38268610255025
152.05224375260806 109.43735050392047 76.63216710016216
10.082114129797425 158.48022649449638 223.14362264747425
33.935015285791145 63.89404695050049 48.25566116091069
67.77831367782613 192.79531021052077 195.64393143955928
129.88115670387845 235.94025201439663 98.62613649252073
210.75289968953282 189.12921122620622 236.70331362151038
58.18748960103119 35.99307748273499 48.032186188406875
113.35109716754273 97.29797118865899 106.80880894990122
184.8541544915627 164.3475592261869 75.9562404091899
24.356933426267048 54.471232426698904 215.99622872520882
9.951685839351148 196.9008516510447 105.57473860889775
238.44813836214433 45.93190666953185 165.63495292065554
192.88874540425812 113.63615499988475 150.95387477193222
177.05724705482368 53.35235835912869 168.1276829763035
70.06398844500613 92.80955033166265 187.74297891239695
73.85706848601424 64.62316690580423 18.433689595426536
81.14076816545693 112.28493126941304 131.8592192412438
12.589097340889435 233.45939523452137 184.1613062648157
27.758872422483233 4.201186990361173 78.97806958407534
202.16132556191295 112.81013233349742 57.57683149563487
118.80387722727272 253.1669522905707 221.21409770651837
243.42099639706387 193.1932088384597 29.879570868326436
53.48205615656441 236.21133050575045 68.72605180649217
120.1884256232668 24.52114713567375 8.409033603490883
14.491372914521191 140.32545435072774 199.6647611909795
175.87434030834115 95.9524115877557 41.95114985000607
236.5654300754981 176.19349768775496 10.320013786689362
180.33036395369305 100.44617062219179 213.62458369395395
137.892891050707 44.21572142442552 89.2286202677506
48.92171089371626 147.38125124921626 65.77618802233447
78.50995401574578 225.86194995034884 156.43215292927027
214.49688761425398 196.33357526093184 10.295563723064252
214.61506225327375 68.15957493694026 38.15741563386685
200.2574189765282 162.93750155160453 111.49570662247126
90.59744202565562 145.25493105474447 222.84725824562673
12.57242279866444 184.69474137180907 125.9361050864998
244.7056148378897 211.49260182917192 165.10566320281401
0.7916572783634274 146.17493569762598 233.3734985248061
114.12285392128193 177.73749051108837 42.69303771337368
74.84321105992191 245.65597073800458 176.66841784638152
101.7205094449555 240.93296882673914 114.80408586423853
0.5053716234215183 207.22848966439562 106.54245895332956
48.41535707354263 65.34170381430266 67.11115185917922
196.44490542538693 96.06185850357338 167.2360138094828
252.91083647760877 231.89774921944237 129.4175120905176
160.5816753310605 253.77598957467896 105.23976305158573
165.1536873791669 178.61447162364334 125.57301362690322
58.00487668406349 86.21945387759442 196.18407335687874
253.6954102589553 213.79088774162608 65.02752385076803
97.91868037032626 176.09137014521616 59.442368953694924
58.12885112088777 144.11705415766892 37.024121551645514
1.6117678138295388 245.55973751053108 141.9027999842009
53.01986417509367 67.2512385913169 202.9878959681729
26.424188855495917 235.79120753011068 141.60355516702788
140.63843669526128 158.39205166281312 2.325363820777908
250.43260123887313 175.55180577069763 90.30150321647295
178.77642725497444 119.71133747713532 214.13143967175952
110.54691044173443 247.85117737486678 154.06144390555784
137.74892783406227 184.3192367007587 249.75720151495003
107.09636193900596 176.80943503681877 49.57111708895152
79.97471335222677 139.51907920785177 97.62206985919737
219.61035849818114 115.30566675866335 222.73466082505
210.6264809098541 177.82434235907454 224.80486076117504
170.5416719862566 105.36335039189314 29.596560560287696
68.52626456126626 13.412720879727 242.69736083628663
5.434700808153573 114.36899813439693 131.69964845343551
4.611502915394739 240.9441757590443 146.73960499580437
152.0834293798324 254.4458906757401 97.45011120864085
139.49031626457125 91.10026990457436 33.86823616953157
223.6942927437421 101.7033296912603 69.16340876987395
182.61151947102775 101.86607885577837 65.81268767145683
252.48501219238545 144.17024558074 70.38460560092419
180.60673472629048 112.95032905550221 108.58953851462503
230.0279629903523 151.60682589269177 245.87507446684447
13.616057425484673 47.559332874741116 182.20917288024154
45.132297713650075 94.7992246952538 83.38146681832615
54.61066833052491 27.73649853609549 67.60074730972023
158.47736534490735 92.14570708639033 147.43004340309827
152.2378238803245 71.69898712098488 15.921825863484349
124.2476039038355 155.4859700199773 52.77556132760125
116.01321913949948 86.05331461816465 105.39905450335412
212.64630420856355 11.01456726151722 71.02963261075602
110.44673532130055 101.35969739374188 184.71015581594784
53.02943471167298 49.45496132541103 61.01717372694484
200.29496164593388 129.86769175776305 245.70784915520608
82.04242651207281 198.24354507578587 93.65194051770797
140.69666988970266 124.82355309587726 223.0776129689056
183.32091252383182 60.423667495999915 235.25578121629428
71.88279257888645 193.76132203957255 33.7274554265634
58.1625405952763 75.95461964619668 178.12464779518066
179.69758672506424 241.56553288449066 76.24545185532503
193.41595196207385 19.572971562044962 139.9241381862121
242.8037398353368 160.63292850779985 5.536196485129623
195.62312410221682 31.057986388392564 63.94644284381961
108.55152090154645 204.09238075970435 132.95473210146056
8.007560470337433 177.216456348905 164.96746272431037
184.153480972548 179.4676020050414 138.66785325713943
207.22617376804286 183.20097955641566 52.204542239786726
106.71577408491672 239.30562551855576 92.97457243399397
139.58038691620703 191.18784388650548 187.40991976174706
187.90157764316072 119.11659572071449 21.96022430933046
22.236918683292686 94.36150749011702 110.54005800333394
140.9582832552199 58.711681587709144 31.063942569598776
82.71083736661033 38.510678762946874 216.20121581896422
29.14012890698201 15.881263704331069 72.50170048944791
241.94552313727038 84.9672652630597 246.29186383309357
58.77790945275602 66.61703277445523 60.58131360200614
1.9268127538605007 240.61601064838544 15.29200448365398
18.821518961432886 10.494803151273324 126.64534247415928
245.65987131184102 85.32997703542087 215.6633698188765
109.23519664246562 240.48419763280236 196.88257678271674
21.50395947289486 83.90586781873942 125.18398125336385
223.37582631349116 233.801623400484 21.420767025106525
47.229263855034915 211.55297823926338 136.33319504022052
205.58010952567213 68.08479135416447 169.31489779028226
161.86118628043673 35.46530742084217 108.07253746257666
174.07083009632012 127.61274493067975 63.48566922942054
15.127897389785227 234.48080981049702 84.09056495591076
190.05585339954823 180.06368304464698 81.25895731377149
218.02128550664526 242.32229117900238 66.44259039337057
233.0817488171236 13.815410173876346 149.45968261144233
131.32616203708392 85.33079899323864 56.327911055629095
10.311333378060475 57.642012070986766 181.42637658628828
70.08853583069363 142.62774366826685 81.32738247274983
197.4446533692852 194.94108122392115 213.31038344040383
107.99013853453677 232.93847021629415 15.973444838826683
208.16586909079527 239.04878707998893 2.8668038165476823
218.32703925947732 152.33234557105823 238.14686920160824
75.55157892448958 82.21540990076379 6.428785586692426
86.78556887149519 40.53871648392089 109.92260527206695
2.5026156669576927 161.08146421966964 211.1636656150992
46.398179423184224 93.81071953575255 34.413082024162485
229.86903809534127 56.983151641000816 187.5708295125117
208.1160454508729 97.67190171878754 72.16298393332765
3.67995950805795 50.52195459641186 156.26791106908243
131.55793211737068 27.37552690328287 136.8282756502346
107.81528986945514 187.844862187331 18.418739660958416
71.43906542333103 112.4465493777336 201.1732159015246
230.14097568183894 29.218433167664248 102.25839205416634
165.52875316885238 113.63415285694116 185.4737459614987
98.20578688106067 43.698617781485765 142.2213772848747
29.841318814883564 38.84110596818687 121.78639878228971
31.012024933413592 191.90837817931632 190.05626917384254
132.48836787336552 250.18314788794143 216.71643866745382
136.30475997528004 104.41784219205009 62.07717889465235
68.18074506242014 164.79950891887196 92.63177081016352
151.700620253472 38.40708563457397 29.489765408082434
92.76990712168116 199.76726250504646 123.78045354443262
68.52277492311299 205.39728421460933 92.04615709203041
246.2286405546135 30.883676943821456 18.848630836556257
115.04956267617474 70.24894905352802 112.96295164634529
205.50747120351414 130.7839578371359 18.84910016158965
95.58904346358449 14.633782884676299 152.342533166951
148.30829346421538 69.71444075128018 203.23555261760825
248.89350623693565 147.1752147218259 41.77059225421434
81.08547560415823 34.477317601040625 235.05104929769604
195.51093271823504 233.43718697263134 89.55716002226347
116.96545472946136 57.66421495824762 253.1418453371533
44.61019912525842 146.47741296195508 5.977467451630148
190.91733908997003 46.912207739347565 172.40123986080326
67.50130808868043 241.66557238523518 161.39323014211857
252.12564415842036 26.742851499761528 174.7267381255986
177.19336061982824 88.35402533710688 126.47414362749035
223.57478898950532 130.58385113091933 131.99365804513727
226.5555087049417 57.473148000190896 63.792171832790345
226.5155795968147 211.18686815349426 102.14690606985464
1.1782025901021225 61.57517416847366 5.539481328075206
5.810975009434271 215.83484509140118 144.16353504748682
35.876436099493006 2.3832558120758165 109.84319590766873
54.620508595514586 174.22946204869925 83.67235729680755
110.66384340654257 231.41308167113172 12.53201936874175
58.36249406481342 112.97887037386278 110.2602561334098
124.69465959379538 109.14619415127703 196.51432206321573
43.57312847155588 59.10703287776166 70.37438876391072
39.11695750316 100.99065488655579 35.43756120513461
185.45739447591782 9.818426243396903 111.58982728888573
219.8424128869277 56.52824741466719 42.078048292578345
76.71043953849339 163.05804583644206 107.2568892325325
178.04461314652158 100.74345878108184 109.40264190160022
14.674977607753673 126.44155868144915 139.8629889255694
108.30910633967407 202.07777140680983 168.94121814318356
26.111180923486224 75.08696776412955 163.70500418041513
154.4395570067838 235.3461223787889 237.52628852925622
223.01157824646612 170.5930423562449 81.13933560136346
106.49135780736752 84.5139442232546 206.30858676412328
105.71558543580018 90.35660827764745 164.86832452518203
168.21341064253266 72.07664727577522 199.22455071450966
29.218578240718116 241.70014480913548 203.41951064308748
204.1190069931421 31.18673242464172 17.780455500623955
177.5969021746921 106.43418951913124 37.02368969741155
88.55313408125575 253.4451786391017 143.52034554344164
112.2954190409467 238.33278772071628 37.358025901173505
51.751439635017626 70.63717168341384 206.49852473258412
79.10481189074143 242.21199709109825 227.00814649364392
106.56760265742928 28.280974092160506 36.341491613052966
130.97070750938192 218.3666083081282 112.87584919028001
239.30873650242515 198.07211240337406 236.33678630498812
83.7050360463731 117.67007761158538 147.3922562945334
185.76945902363752 49.80974960637191 238.95243138216793
172.7307307202343 15.161438800446788 252.84905192302995
23.49937186805042 187.20842039581234 227.7955304713732
241.87390443854628 225.92290018213666 180.5678972035647
20.589693286640664 135.25819559850706 42.571990053060574
67.75429067917898 183.36269982162187 11.682733008011901
162.3682467190586 15.672676171939598 179.11194172549256
231.7172940640467 225.0398721040335 43.08587414692638
8.33817789666295 138.73080634805223 238.94214865305213
77.94855332786436 22.514332753304853 182.9327255638712
188.8033767933075 105.33943072885776 81.18956043613738
222.82800420780794 15.494193184280094 44.90911634072266
76.34844662855481 35.48865637901585 55.00718855554768
82.97174561232868 188.5941195976163 172.77346786084635
228.3378634847689 31.20667569611126 22.00460575422308
9.521325699737229 251.31601100497434 15.222733915357955
150.86883638185267 16.551503657756925 183.32682125524397
231.19680384647287 173.3240160364075 27.36675217368813
154.20181787881933 75.58082013280494 93.09759281860742
130.73802818938478 14.950159202791909 131.1961820243242
156.5841285838226 112.71254697083626 123.19236815207508
128.67005729469295 33.11871224474911 240.97008333162043
136.50668278198455 117.05531960843193 171.32758352247336
254.57182731920628 36.06164846261617 233.964623881385
176.49304469816445 107.48705028930056 23.281966190982132
153.92565611518938 44.245344286523235 82.45828063736703
39.808379778589575 186.43320529164876 162.2023753585601
64.88536517639328 251.53918611154842 37.75380468965968
72.45109760694316 193.54349819482675 70.86474083344409
76.38489355643596 245.76950675310798 239.77992689098014
162.5631826301803 66.5055197597588 97.68619341419793
13.86621115805264 41.14428769194451 66.08923977079527
46.2472463011815 150.01194441343054 54.61183770915216
107.22707757264723 121.62845277305942 225.77313425980634
14.886674368066595 81.49665830653034 4.456354415244906
228.7809229725521 53.19829551733386 173.02311100550705
214.49292667939744 144.193703778257 177.33373076464085
200.8480080877256 189.98758287192115 216.72417120848738
123.13512131875788 15.940711069748255 22.36335119669053
77.42380341803629 213.15854773369907 57.104325077045445
153.70548909900677 18.68925365022605 160.73955560931583
251.764680495982 32.18255347374741 246.59975780019454
185.86173973418974 1.3403689166875843 74.43831404664165
84.25882490787647 216.31959144946742 18.483716121358416
252.87319878851574 164.74825505916817 244.90295661508094
66.50973513316788 172.55904108813664 235.2602497976424
138.156982622727 98.62985533948074 231.62985767546087
121.80049170943603 88.43249691370696 184.06229375108242
77.95468591006433 122.54336078939171 242.4748469340967
55.62228888508189 78.33345840795775 178.30101436672675
32.981243924412404 131.67880951445886 19.82302746097691
204.16179065339546 190.67683267847943 84.73731415917294
243.07930652839 187.20078411576318 189.0246767757757
185.5425186445682 217.33279693758493 245.8874047703212
236.1068977368113 175.82394152535602 175.9374649383241
244.8145523755759 250.50890054941596 102.37204246371346
44.509508449371815 63.13918915885317 37.08611964000949
190.9168766455426 237.99389048535423 119.68156428085949
30.248111492711704 211.93648996786322 35.73182742595884
95.58987408832668 61.37264355614044 234.1505065079214
170.3613279891836 104.50452593855819 220.06700820633986
99.14157685568674 96.18726164271419 80.48578611273982
57.27968624312102 41.15894218976282 98.92497134001317
254.06396145494685 160.6706249897192 194.0278908402498
101.25593367429053 168.97352371280587 82.65872956602215
218.26924518961124 29.610793495040063 60.954507398884054
197.02907855022548 96.84915687349329 106.49284606037426
81.4088037132331 180.04882376715346 155.94284960052207
155.04267374607954 199.70498886708893 89.25966463486428
158.49194163070763 183.27244325196335 82.66945890188056
235.41116230541712 180.9385613832536 197.47459616232146
62.41444693961236 240.95193656190935 159.77519357243546
62.11152363582507 12.668427106223199 185.98784897427038
247.82193122217586 87.83330326663724 49.79212456314355
84.7725421839059 182.96604819411166 201.66555380289785
158.00553215033747 201.98910179385646 213.68511922483358
209.41163279665665 149.99041134302806 219.18004576540008
162.58250404660043 6.929057810011681 220.66671041996486
15.270876716857343 8.200023428120584 76.65595006336889
252.927118877707 230.97275017729555 187.05504848099216
176.27069887609198 143.61657767953983 250.7738080827417
41.54936386306639 64.04388176694603 35.066748879393124
94.6562837587167 112.09235333481485 56.86353341331149
42.44072877976762 88.23408593753618 97.12458766748613
74.8941393975319 77.90902385365143 241.73033242521194
78.58222071645496 137.3177221046123 111.05206171636871
61.75974697854217 248.09095971390263 63.7675521624949
250.91951590579419 13.523468739694017 187.43623908171486
130.54168663020766 10.717272702414707 26.199441407768557
115.30905007955721 13.498469318132734 181.96557682691483
223.62318800272925 59.254832388757904 248.42228894533136
77.3450554527671 76.86640767197702 12.518511686637533
66.75248587371175 36.279628558535194 192.83486801136252
168.78780376131775 231.88670998622263 212.98139626924876
59.909275338073435 23.27921345426485 40.785703038899676
216.33666615487022 130.727062905677 206.5582821743951
56.785366233878676 1.1005802869316417 200.39841934046973
220.13118968158716 35.06784336745311 83.40194364928057
169.07350809458217 144.05846360202588 78.12267314342125
23.38201975653006 3.2500026161359745 148.99033641582545
111.93644216255066 74.71413902094044 209.66926147472822
195.08754565565917 31.593894838262496 16.82665957115862
168.95987621556648 254.56235500181336 207.24393092709028
219.32667133323508 154.88707178736004 10.092210668328136
0.7876486212202172 187.36013733654906 16.400696751396445
242.0951588192554 108.4021753002255 226.2922169180446
157.02248249165964 251.5595859213429 209.25352606965353
209.61269942281592 5.536990194780177 54.34636156987306
15.877337035119423 52.11219787967003 33.23860852803006
249.29902986139552 253.27061352834338 176.8050351951824
107.14521394947754 3.329447070184501 186.85966199014396
99.29123028129179 173.61510024672924 54.474072384705835
48.80266951303814 99.54683428975214 112.6687941044494
175.4228277059619 78.79021976981706 50.95400194326359
62.363661989190355 107.24147284371405 162.22867103748794
240.99294404303768 167.08125723563427 72.70449323571113
48.083937695636884 57.753926350904024 53.883081686064344
114.38086360529627 74.39457957439036 109.78071368499826
136.13062193920865 213.00402687487315 192.1479545855508
180.66235666353373 92.20946930603601 78.70785094819038
18.99590828633635 233.7707043048645 147.69646355690188
154.87646205763374 216.51214088931675 44.08037599718904
7.686380537868994 4.928887377493046 143.74308851071154
220.55765736295834 31.04925111130314 109.83142708277231
120.54003949213646 211.41038533783637 115.73170945552116
98.54208177711659 196.4517623195894 246.17550695374482
105.76365168637845 249.66113653867328 90.8639918006913
72.46435910830719 27.295024902146075 70.44711084952655
136.29951694171498 189.14561907127413 241.1178174743248
183.4692716984908 217.6624874461019 194.8853608414547
121.21855090683555 54.34279462881054 173.55128494144833
211.10583232315204 225.80658427591837 201.37693869663948
91.26430817106534 240.60892669061104 246.37517892525486
219.2738231261917 48.915354894730775 101.99510237847323
189.34710896817137 149.65395236051592 176.92141701972386
191.86464327372465 193.7617515592323 133.6761577135054
204.18733083009997 58.52758294271915 238.50324717860792
22.99793129195276 252.8910788226781 182.4881374342502
60.85864176447619 227.9584164885647 183.67706348239338
53.034749831522596 32.446971643786746 201.32286070233286
72.19094143206281 38.824224976339714 182.4619340891112
182.29324273951082 236.8384494673332 85.15083468159101
235.05893833690072 25.85671506147209 116.24456429711354
252.66377071609384 148.27875995309466 18.24230099652741
105.75824216057698 189.22753364524482 129.25474302307694
28.149957004649025 10.745924345213766 49.896314365998144
110.86877899010162 237.62304223600904 201.14379983890444
106.46696106040682 171.54936733077506 228.93625488949093
110.02573740903885 146.66661123384813 160.80024607753313
107.30019462228157 249.0146018791321 137.66234963012954
173.4539263115354 10.707595263202988 136.3630243550004
46.30773116017289 245.3759868375798 203.88520752456586
65.47329738821574 31.44040177937496 107.34937939306889
188.86754304839204 123.65164172823842 131.48787106707326
217.91261686417585 238.6909661658032 28.764599274728944
252.39872836164548 44.47358268115532 241.54281017997928
198.95777025351978 51.878623781970425 193.9258015066737
18.591647106027906 226.2675962307682 134.41766252340656
40.302274178279276 71.34582841945104 63.17363432105884
58.48289965148062 239.2309373841669 112.03958816191165
28.360989069261812 78.34982471737605 172.49782960083803
72.19608856780394 114.31936354849428 190.25748434531013
246.1816862577026 67.78391943909071 194.22719078385444
193.30097394147506 194.60024517687327 248.04622183527516
27.541664000839496 96.16991835041362 154.6030242381216
208.36541009899395 87.14913876116533 207.98062629921913
159.48624571979116 41.97906329772716 10.149720946109563
181.91616683936002 17.013722519540313 62.06826235542316
38.48015660066666 191.59581036175842 113.00003266942831
101.89672857332613 141.16956603610026 26.399118879385128
194.26372340720923 41.608084125633894 221.73235252308643
33.34730439765454 163.070631231719 248.9861876757897
87.0046788711491 181.69444178903458 87.26078027429159
37.31704350850291 235.3725380514009 76.45065075244597
209.94287996615068 229.59886250427772 14.016674262107568
136.44768360975095 230.61425295607086 237.43744088276014
44.5704378273999 232.38548892455262 80.01036761792393
43.416841573182666 181.81438894666536 7.060782374083096
210.02488245102387 229.33442938426288 114.4498822715506
252.8199023788229 77.1232752574848 54.25761883439521
175.53531266419475 77.95594562708436 1.4565245182785151
8.38252292917912 103.44718258354155 50.58799613309598
23.707848650004507 135.62760795388502 137.09456048085042
178.41088248054794 52.07397751892561 242.99815380497486
210.561451683029 186.51155709396107 177.93724376846504
37.32527085321438 169.9540017168695 105.16645928965771
250.1370642322144 15.477685073009269 171.32419682564267
165.1548601467738 34.118625047074424 185.8668309729135
134.3095721816533 117.3218470724348 190.51540489136877
119.96524086356563 141.06510123683563 99.3352380275025
152.07520193711446 17.864332773336518 55.962711657350496
207.39949608809175 82.25830150120694 235.02017467491373
49.14078618401254 164.40159113954897 12.459596560793793
114.73263460706619 130.9081891760431 232.18320726142926
177.26224427461253 81.61417565576102 223.5000855471629
124.85278643468313 246.5875065099272 142.52727869261838
213.7654682370536 128.0236055611943 93.58098489272666
157.43450600339813 175.79795357867897 213.03002069851192
89.89923766926711 71.36793870578077 210.35168788744934
152.39053293901927 46.396634345107444 243.75337602689115
196.5175322555702 253.74273878735704 250.03343310876028
179.94516833584504 8.009390334029854 194.24908491061422
168.11760606553335 136.19534104241447 192.2645033517194
133.5305117841073 193.92563730306756 12.07945600001538
120.68007519720346 83.10959809643184 79.83564682000687
108.73848931881257 239.67240021519817 52.41354410180279
106.04131367422492 60.066856765662095 163.36113364361654
45.894998358751764 43.979885348972516 128.207132186879
36.8498726140059 252.62687795074763 172.5203364367956
206.5882120538943 26.286133879259957 16.615510401982636
233.45546707710545 144.7000088904201 40.28715574728072
176.9948595025997 198.52704768637943 59.60379225810089
89.08006724782126 173.7182848187505 40.09506216373493
77.43126660361197 33.11676895342725 174.97695595635932
226.71160408667714 81.33376998806247 145.94463350727202
10.418126084951904 240.1248008039198 82.36128163645328
186.29015830983587 176.63251002505513 59.102092443994174
36.306340146241375 9.41919162564428 116.77429552798827
172.51027688157964 163.73054676135507 141.21947707865954
7.0786962034743155 130.14305086017436 149.01374518365733
87.234770667452 44.334937406348054 45.245199508787685
215.75578247308007 242.21486671894382 13.782202341325918
76.46535537098623 183.56685640855542 109.83637553091299
121.94441564316072 67.21447357401608 78.05093764990707
154.80638374248326 159.4974913880403 86.62244556701629
69.7897098735293 102.77452301233616 209.00308365205387
205.16696417367032 159.97624201329918 236.40545323624252
148.52207911077772 49.150257630546726 187.02892541936225
220.04653114595408 217.33776803231123 79.42580826814479
222.71711667247425 34.60982606536787 228.69034776437016
22.427797030617544 109.80827471823069 139.6840522249824
230.74327261255104 163.1290070083868 76.89194910478604
54.08138409286591 64.26521580768001 2.9162771523594326
244.65379002113207 26.283550595225176 127.9730379924611
199.72699399783087 104.41843227476619 10.42856307516034
172.88351268882957 57.98409093566228 203.69290237046252
58.2889086007255 234.85045412150038 194.91640022180542
234.26426490024264 77.27802870800295 174.9657341533973
130.87658596444632 221.59884957028802 100.38409336043645
0.13278857028725943 23.852506788462666 0.2635321331895635
160.91906077695992 71.30013910573405 185.27764025049493
229.90208952833245 87.12723767724012 253.80129768883126
242.77380591387873 247.5260363718248 131.59077905802266
156.45771835437222 92.72793639862222 231.96462825616084
80.18416209417266 152.76855576229755 41.57013418053864
37.05539088676992 141.70066866152098 91.40189499331447
13.20731447569063 55.57171024938473 28.397397429997664
215.33968375447648 136.5045122560678 252.16473576328613
161.38272686135397 0.8957238020250519 143.58423530986173
90.37924541836955 245.66638888123398 70.54767574147957
249.5491465911222 51.34641970616995 62.24252544069786
227.01359364413756 35.137412157841474 19.374374633610312
61.95789683876667 87.07327598607878 153.48086530389614
181.4904925838689 14.4192433552338 214.28414001863945
109.52159988556882 45.466122930737654 165.3961171284944
36.072230476069386 64.91172097428186 49.79691600721601
186.13643569719054 253.44478519323107 167.43707029188113
125.93488368456104 162.9796154969574 77.50410744816124
10.979843074628738 63.01569800227225 228.67653845975516
151.542274710934 1.0979558216002805 197.44739321725456
215.2882901617419 59.17981331469694 9.791577044571122
231.8360445219102 131.56147607513358 47.93519773372258
152.49349520708603 162.30407457892503 229.91932007255318
254.63735882309157 197.91726873271352 104.41649939332414
231.0813502237527 171.31044900112212 44.199736312283385
154.03786669670214 147.96508788125522 229.83838724916336
103.40229983134 92.35516355473187 24.964274107469098
241.23799804137735 90.93839807875028 164.91391584656765
171.12974410460902 176.66755384884343 67.5811520089667
148.00959399485802 57.22587108834399 247.73780744472828
179.86510078895327 15.000229969984524 53.000994242335686
76.57654213928129 93.62999116329077 175.9956543008241
135.5309260535099 111.82429686924974 175.43538097205015
132.5526071001776 152.22918644904678 240.17071017178526
32.823153367195694 89.1749162021792 229.7579869123671
27.924739639906115 240.80245516714086 25.998134431516373
55.985242528643035 16.76725108002789 228.11365291126603
122.87874474968982 224.67280311194423 33.04002105677232
133.30474508447358 172.91597903872287 151.3624603826927
46.75388053262045 100.12324377913545 210.7151633619419
129.1620682070927 197.0469863829889 218.74510666634893
163.72809317475395 247.1534616515685 188.98582256460367
81.44860409186423 200.56726513367846 40.803377155868525
121.03196008223478 43.10312444500548 84.79126078613459
234.02590605818475 40.94411339041451 7.155934742251888
52.9963065467288 191.67695212208272 38.26163205905312
107.05208136184407 52.58109946393806 79.65303486336735
195.45459316876148 22.161238902867943 188.09867063338723
48.41226698271825 136.68774696325758 26.65981253848188
157.16080901458898 62.751475227870955 229.44029387598272
112.26784175683107 232.6426896131048 47.700453523561826
6.335715403019153 90.79997227747694 134.56023532830693
195.8550521471622 152.95928710376793 67.33162983589688
154.01108212737884 227.38229471714897 73.79137572796952
172.0450165960693 253.67223419571602 31.730280500428755
116.94294200407425 202.92865704998528 51.15028297451584
155.64889277438098 246.48385613038218 76.33562460333346
252.4960417074055 37.327153611083375 137.57301324077207
175.94298064534183 221.33014069439565 26.427094842944484
183.1310921269086 143.74316800419797 132.68376549736948
236.1808906431165 254.77983557079418 74.29804876267545
159.0597427896524 86.53253616058834 177.67349293141586
140.3459720613536 132.08356190823346 199.59330483993438
163.54666891484223 56.54391099800071 143.01150916242548
82.968394272229 101.48854060567349 150.84418679359214
35.28516455326516 33.858823929525144 88.17530559037455
61.10634718052228 202.42933250762357 127.54433397334769
203.79198805518428 200.28065564605217 20.005498082752627
235.26682911416287 209.714308845951 80.51666461988746
235.46191860452052 44.22014896666296 136.4408011460307
79.59443421201115 198.62516463045355 104.10008743104315
109.43724089440335 132.86732690585723 253.38342758341608
12.406565857377371 25.51876080230687 29.462394299146247
132.81165517835854 67.14274303460233 76.54518434706924
230.45324373079052 15.425493387758609 30.85623167596587
153.27885592707418 4.577473286598232 204.1707164113988
176.2028031311627 250.36032165639497 199.7335319255409
103.67814771047979 119.21789352047995 9.938867140810544
138.52070398479077 153.84180888288094 120.20653743840815
37.05724787295919 229.44324575098858 29.70962508657156
73.85394356956265 245.65115857013458 198.48185918036373
117.7744708112068 105.15498141089546 203.04560379596109
34.590761708376654 123.11653688661623 220.1210270795295
163.02404013132053 63.144937497689604 95.50902361064875
25.913440940302557 221.68520139023025 119.92547738551536
69.1156659026254 16.85782954994396 68.32634652343785
112.61237233972197 77.16379380046828 149.36951982888473
78.68897587706051 217.67662619432468 87.54623250411899
178.12925978687431 54.212873547107606 69.3084119695176
171.70159727016127 74.70546178012223 28.617027274864544
54.240674514847015 247.15384932195306 153.27808735961494
72.28961868347265 152.86399053132945 243.41674590886697
25.84072822658597 67.34605220433164 193.02844346116845
178.01801627056307 182.21409231101913 77.17054333793557
214.9648737369185 110.82392014623763 239.91482800978045
111.36146696582503 86.00118290189413 88.07804904975758
67.23915073398436 134.3131411222126 86.50343565834537
67.33725413832427 104.00852062607764 118.3938529409717
63.21946714351901 204.93536285852898 241.26968596857776
202.17799158342785 224.38945430307874 215.79970764738076
220.51096532304916 118.61530149391191 160.68433355080015
131.82307392696205 212.5533290391435 231.35170239436096
3.910631492168246 241.44680402169433 201.28473004032904
32.73191208708382 99.49723173757961 27.296708719775076
42.54242888333262 160.89319539803296 108.83726769993788
121.06690551208465 39.09074326924375 238.6818479686592
20.077551818165258 228.64211874787185 75.1572303426055
234.87992695011738 4.166680629011902 165.79014236581392
79.80499091851631 145.95342910376618 42.049862477251224
133.43073374539455 212.52612431009248 46.408608829259045
13.006756481552467 135.85480980021708 114.85009069119953
20.75854364040166 94.96578702767569 202.63026778592211
109.55047020297505 47.53262234096076 83.8234121854248
202.6592207685167 18.74881425890281 67.74740056868056
3.712744807217475 30.397060036671487 173.53735122139744
86.63863289770032 241.30355859457816 211.90778630000156
85.98345988233325 234.12418812198703 243.43676826385456
97.22779820655657 251.23429332930584 240.8017189305595
181.34699810491145 138.65338360182088 114.55648283739981
123.13243672628866 248.18707929321818 180.07984343772918
26.13429995723455 87.14483047270916 93.12499277956374
168.38870234503298 130.61916062347856 180.47360307599575
243.75997518017124 127.21987133706413 42.898795198614025
59.36926287200501 50.79081120377851 239.28120317036226
40.269670162965724 87.4919311367473 65.69377261624425
137.35647740075157 87.37635394560215 194.86782057994347
10.356579710206404 17.102189778276273 137.92446060529556
135.1059243598606 15.434895733841902 222.28623291769117
70.06842743245453 179.20241508305944 173.89631133183195
88.42746220699479 198.69423386641617 21.63665331236791
118.85838722869964 88.15238141239566 205.7668160604693
17.832747386337978 25.5010762078281 16.643757228679494
70.61071365169707 62.25954948424011 230.8722156322211
10.39096844092264 231.92533580165386 27.20409663701512
122.92796898161644 142.71905148404647 2.763658962884992
129.41037338020553 122.84130890191267 22.39060393130964
182.24949044994392 254.18526111066075 128.90371769206033
202.1352792471616 242.13111268216025 219.79561358461214
186.74699739170586 146.54749657171308 54.79243111923179
40.70815988727323 62.894541676966305 42.43755601419658
22.264771562213827 185.34094531849195 101.42190825633807
21.915657131891177 165.0512073751117 239.11015750705707
60.0378911330354 45.15440000148166 215.09088513143308
231.2621278285779 225.41811070411634 99.08110563888837
63.0524504772946 30.19093068526566 60.60327239614927
100.75723309865187 103.39532794647893 46.752247046177544
57.78268055960481 226.8967028407234 155.43000560639675
230.10187925323447 230.4984646693699 26.404504055995286
105.19238030773454 156.85101436422696 126.0639341268745
113.14599591794598 112.92902745856837 180.89598074183763
186.755742796519 235.0488539395719 162.86549345636993
164.39175699250688 102.46267713476983 36.121532230031974
193.6784598693636 243.30339695337872 235.85017520610276
171.98940461440634 20.522144569805906 246.74662231285242
180.57345062035324 118.54665725088798 154.46439744715596
171.5729521274271 51.37288288344603 13.22262498863188
142.53717078250398 170.1290355527419 40.77837014618465
191.42348731519374 30.56086143542439 58.67066035779433
216.64173935330462 10.893455662943845 104.33953961681438
136.52216827852374 152.86156968324764 218.4797941757459
253.20274794738236 187.1845671034603 118.7386827297828
207.572796688336 158.46613289145458 128.7449464728598
131.0429373380952 163.65722213340175 130.2048278711923
118.42969601557807 210.20228793563317 188.81522073226245
174.53192693202445 236.00255959044304 226.3804750117896
71.99456606609206 253.12122644406963 75.84161804577349
249.5107498474177 212.16605010290425 50.85555146389502
64.31454007812994 245.81141524843233 179.0535020513678
41.430555403367556 205.96431592154255 190.5728824409045
199.93917509681376 210.68049136198627 16.263522243341214
103.43938425427926 227.94185017533871 104.34724966015509
79.79969153182346 45.49131510774359 239.7551084316046
18.742515024161523 182.1250326224225 78.67665953525571
252.82229361190792 21.09481573720442 106.4688982906291
73.0145700152197 182.96619734372013 215.34126911915894
242.52897174549128 31.513320067588154 51.68181798428406
127.43993798290707 118.08458234073304 131.45227370915208
127.34946883762598 119.6713017960142 85.53817665055058
63.707714497823424 177.50638877598362 48.86971269102181
11.77787874194897 234.4155744239869 116.30906393280856
67.31922804157055 12.692096886707905 16.793107101935274
42.69095988607276 94.765855025352 149.60382974185242
78.88144579851198 47.983319638393425 9.71479385999616
119.95583657267566 205.24680056717906 29.364202981151596
31.996408249167022 251.90810984736797 44.789009670724546
0.7162180305982185 247.77838487928543 179.17861782956132
40.19218753583167 17.241031938950993 120.04040644373335
230.2240407840085 213.12631591712676 68.35729423271296
19.269181712730212 68.9665506693995 100.1282646456411
36.38465996816358 12.668427873393306 28.42008938749189
142.893868326151 234.37295794734302 156.57575155573204
129.46871559926336 182.5104855053805 107.49801322449012
174.06006596833504 111.27754618606355 91.6489686034534
111.06446593821174 39.1691913705499 246.035444261923
156.41495436682692 97.09571636981843 36.251192793786856
30.11053207020646 152.92721600166715 48.341539637590905
137.141214314432 2.923439622256929 137.49808792427376
250.29914671309325 61.42712994947471 89.28432958025309
249.17586633790935 11.271805302098704 83.98936324861832
206.5597786795831 128.71325219421186 37.88732334748642
80.17128968627408 184.54179224993507 191.7735944569272
